function[gs]=G_S(T)


Tout=T;

%             g                       e                    mu                   tau            nu 
gs=2+2*8*(T>200*10^6) + 7/8*(2*2*(T>0.5/3*10^6) + 2*2*(T>100/3*10^6) + 2*2*(T>2/3*10^9) + 2*1*3*(T>=10^6)...
    + 2*1*3*4/11*(T<10^6)+ 2*2*3*2*(T>200*10^6) + 2*2*3*(T>200*10^6) + 2*2*3*(T>1.8/3*10^9) + 2*2*3*(T>4.5/3*10^9));

%                  nu                u,d                   s                      c                    b       

gs=gs + 7/8*2*2*3*(T>171/3*10^9); %+t
end